no	plot	block	replanted	species	mycorrhiza	substrate	soilType	acidbrickRatioTreat	brickRatio	acid	soilMoisture1	soilMoisture2	soilMoisture3	soilMoisture4	soilMoisture5	soilMoisture6	comment	conf.low	conf.high	rgr13	rgr12	rgr23	sla1	sla2	sla3	abstransRatio	srl	rtd	rmf	lmf	smf	rootshootRatio
2	AY30Anoac	A	0	Acer	Control	substrate_1	rich	Acid_30	30	Acid	19.1	23	26.2	10.8	16.2	13.9	NA	2	2	0.00081590619087606	0.00207080538662565	0.00134638936798276	167.5	177.666666666667	168.846153846154	0.539170506912443	41.7663817663818	3.73504273504274	0.525294428822006	0.129001122959416	0.345704448218578	1.10656891495601
4	AY30Tnoac	A	0	Tilia	Control	substrate_1	rich	Acid_30	30	Acid	17.1	22.4	17.7	5	8.8	13.8	NA	4	4	0.00212983227409326	0.00540560691305191	0.00351459954770867	203.333333333333	202.727272727273	244.444444444444	0.397660818713451	124.264705882353	5.76470588235294	0.481346408567407	0.114160811123848	0.404492780308745	0.928069170865781
6	BY30Anoac	B	0	Acer	Control	substrate_1	rich	Acid_30	30	Acid	23.2	26.5	20.4	12.8	10.8	11.4	NA	6	6	0.000562695149545293	0.00142814475455246	0.000928546412853893	143.943661971831	159.565217391304	146.666666666667	1.49593495934959	27.9076086956522	2.48641304347826	0.672431173356039	0.155318711647435	0.172250114996526	2.05279354645952
8	BY30Tnoac	B	0	Tilia	Control	substrate_1	rich	Acid_30	30	Acid	22.7	24.6	17.9	7.8	8.1	7.6	NA	8	8	0.00163753704326192	0.00415614021306149	0.00270222543888097	176.666666666667	160.625	190	0.653958944281525	39.7309417040359	2.40582959641256	0.513735860143969	0.114098232211939	0.372165907644092	1.05649546827795
10	CY30Anoac	C	0	Acer	Control	substrate_1	rich	Acid_30	30	Acid	20	21.5	22.5	6.9	7.8	6.4	NA	10	10	0.00180461930164736	0.00458020224928978	0.0029779406850506	140.58064516129	148.518518518519	140.819672131148	1.67894736842105	48.9341692789969	3.21630094043887	0.650634742731604	0.131458501712443	0.217906755555953	1.86233384458078
12	CY30Tnoac	C	0	Tilia	Control	substrate_1	rich	Acid_30	30	Acid	19.4	14.2	18.4	5.3	10.4	8.1	NA	12	12	0.00144445762136203	0.00366609624552211	0.00238361027977409	205.652173913043	194.166666666667	184.705882352941	0.363247863247863	91.2941176470589	4.35294117647059	0.612585544359591	0.101923602198616	0.285490853441792	1.58121498937609
14	DY30Anoac	D	0	Acer	Control	substrate_1	rich	Acid_30	30	Acid	20.3	18.5	19	12.7	18.2	17.4	NA	14	14	0.000781397153542552	0.00198321994948028	0.00128944335937941	166.451612903226	164.69387755102	200	0.774703557312253	34.3367346938775	3.11734693877551	0.609864373451715	0.129100674483404	0.261034952064881	1.56321118080775
16	DY30Tnoac	D	0	Tilia	Control	substrate_1	rich	Acid_30	30	Acid	17.4	15.8	15.5	9.6	7	11.6	NA	16	16	0.00157575854706133	0.00399934370368284	0.00260028000522135	203.076923076923	206.923076923077	208	0.850162866449512	49.1570881226053	3.07662835249042	0.449325808522862	0.100368355243148	0.45030583623399	0.815955814667076
18	EY30Anoac	E	0	Acer	Control	substrate_1	rich	Acid_30	30	Acid	23.3	24.3	20.8	15.5	13.6	18.3	NA	18	18	0.00136659527483616	0.00346847822472004	0.00225512365140808	166.833333333333	163.59375	163.703703703704	1.00512820512821	45.4591836734693	2.11734693877551	0.543654896580942	0.16936415310358	0.286980950315477	1.1913240495137
20	EY30Tnoac	E	0	Tilia	Control	substrate_1	rich	Acid_30	30	Acid	15.7	17.5	14.6	7.9	8.2	11.6	balls	20	20	0.00132989604665309	0.00337533398797278	0.00219456344094343	243.333333333333	218.823529411765	226.153846153846	0.379139072847682	46.5065502183406	9.14847161572052	0.584341346932591	0.0833407355930255	0.332317917474384	1.40582023884349
22	AY5Anoac	A	1	Acer	Control	substrate_2	rich	Acid_5	5	Acid	24.5	24.3	17.3	15.8	15.4	13.9	turbid_prob	22	22	0.00105785547205484	0.00268488318179136	0.00174564842915056	188.840579710145	165.365853658537	185.070422535211	0.868338557993731	42.1660649819494	2.84115523465704	0.592870680857268	0.139840598726734	0.267288720415998	1.45622202327663
24	AY5Tnoac	A	0	Tilia	Control	substrate_2	rich	Acid_5	5	Acid	19.7	23	19.5	9	14.9	11.9	NA	24	24	0.000941108571418356	0.00238857447202376	0.00155299541643948	173.928571428571	166	176	0.345238095238095	91.4942528735635	4.01149425287357	0.505850808038121	0.115753221708951	0.378395970252928	1.02368033028605
26	BY5Anoac	B	0	Acer	Control	substrate_2	rich	Acid_5	5	Acid	27.9	24.7	26.2	21.3	18.8	19.2	balls	26	26	0.00146810306283119	0.00372610940403352	0.00242262943583805	160.952380952381	157.884615384615	175.897435897436	1.39483394833948	46.1640211640212	2.82275132275132	0.558014782892687	0.145426425265308	0.296558791842005	1.26251910990318
28	BY5Tnoac	B	0	Tilia	Control	substrate_2	rich	Acid_5	5	Acid	27.3	25.4	24.1	13.2	16.1	20.7	balls	28	28	0.00154230440233567	0.00391443562984108	0.00254507475579773	141.5625	147.916666666667	170	0.931535269709544	42.0044543429844	3.11135857461025	0.553276996178922	0.0977660941834699	0.348956909637608	1.23852362973571
30	CY5Anoac	C	0	Acer	Control	substrate_2	rich	Acid_5	5	Acid	22.4	27.6	25.8	10.3	13.1	14.8	NA	30	30	0.00163883263482528	0.00415942848077937	0.00270436339386362	152.888888888889	163.947368421053	156.944444444444	0.517060367454069	38.5786802030457	2.98477157360406	0.572899193967373	0.165103092018347	0.26199771401428	1.34136762533669
32	CY5Tnoac	C	0	Tilia	Control	substrate_2	rich	Acid_5	5	Acid	21.6	24.2	25.9	9.4	8.9	8.5	balls	32	32	0.00170326772950827	0.00432296755261067	0.00281069268438291	164.772727272727	165.428571428571	171.363636363636	0.686274509803922	57.0571428571428	3717.14285714286	0.499527177818966	0.100276128153724	0.40019669402731	0.998110498072708
34	DY5Anoac	D	1	Acer	Control	substrate_2	rich	Acid_5	5	Acid	24.9	20.5	20.3	22.5	22.7	22.5	NA	34	34	0.00142850547492489	0.00362560900429306	0.00235728641975238	200.491803278689	201.333333333333	198.333333333333	6.11881188118812	24.1423948220065	3.33818770226537	0.520373310241978	0.147688459133112	0.33193823062491	1.08495486459378
36	DY5Tnoac	D	0	Tilia	Control	substrate_2	rich	Acid_5	5	Acid	22.2	16.9	27.3	18.4	16.7	23.8	NA	36	36	0.00124390647811387	0.00315708872434336	0.00205266546035045	208.888888888889	212.857142857143	214.166666666667	0.171717171717171	148.823529411766	7.9117647058824	0.403875352469091	0.125563348034608	0.470561299496301	0.677501516070346
38	EY5Anoac	E	1	Acer	Control	substrate_2	rich	Acid_5	5	Acid	26.7	25.6	23.7	17.8	15.8	10.8	balls_turbid_prob	38	38	0.000902756047887658	0.00229123409980183	0.0014897069765496	180	183.859649122807	190.975609756098	1.09917355371901	50.5263157894737	3	0.624073652830821	0.147856381768769	0.228069965400409	1.66009554140127
40	EY5Tnoac	E	0	Tilia	Control	substrate_2	rich	Acid_5	5	Acid	19.6	22.7	19.8	19.8	19.7	21.2	NA	40	40	0.00201801942541127	0.00512182104166883	0.00333008859246313	193.846153846154	187.777777777778	202.5	0.58119658119658	67.4019607843138	4.1764705882353	0.534322659029767	0.101767479533686	0.363909861436547	1.14740961610138
42	AZ30Anoac	A	0	Acer	Control	substrate_4	poor	Acid_30	30	Acid	15.8	19.9	17.8	8.7	9.9	8.6	NA	42	42	0.000541625533207513	0.00137466915221689	0.0008937778233495	185.454545454545	184	183.478260869565	0.353448275862069	27.9403794037941	3.31165311653117	0.606005666611727	0.161678949557737	0.232315383830535	1.53810756972112
44	AZ30Tnoac	A	0	Tilia	Control	substrate_4	poor	Acid_30	30	Acid	15	10.7	14	10.4	10	12.4	NA	44	44	0.000934682545735971	0.00237226493944945	0.00154239133872332	221	221	267.142857142857	1.09803921568628	70.0892857142857	2.66964285714285	0.548218251030982	0.0896161573437665	0.362165591625251	1.21345816266823
46	BZ30Anoac	B	1	Acer	Control	substrate_4	poor	Acid_30	30	Acid	18	17.3	15.1	11	11	10.1	NA	46	46	0.000975916762100914	0.00247691917337569	0.00161043508092271	169.264705882353	172.923076923077	167.105263157895	1.71264367816092	26.6442953020134	1.95302013422819	0.541736009464039	0.144466946042949	0.313797044493012	1.1821483264056
48	BZ30Tnoac	B	0	Tilia	Control	substrate_4	poor	Acid_30	30	Acid	15.8	16.2	18.9	8.6	11.5	15.7	NA	48	48	0.00167463445977404	0.0042502950691004	0.00276344273043984	129.285714285714	376.25	223.75	1.25925925925926	47.9411764705883	2.6764705882353	0.5989270876522	0.0820761023158999	0.3189968100319	1.49331223628692
50	CZ30Anoac	C	0	Acer	Control	substrate_4	poor	Acid_30	30	Acid	17.8	17	22.2	3	16.3	14.9	NA	50	50	0.00126222714189851	0.00320358736557938	0.0020828977924615	182.698412698413	191.25	190.769230769231	0.71951219512195	52.1186440677967	4.97457627118645	0.607520122541582	0.141760957211601	0.250718920246817	1.54790132547864
52	CZ30Tnoac	C	0	Tilia	Control	substrate_4	poor	Acid_30	30	Acid	14.4	17.5	16.5	4.6	8.8	7.6	NA	52	52	0.00190397728119417	0.00483237712129171	0.00314189890571617	203.076923076923	167.692307692308	191.538461538462	0.985981308411214	44.6445497630332	2.5260663507109	0.575414797958598	0.0923049731568831	0.332280228884519	1.35523987927984
54	DZ30Anoac	D	0	Acer	Control	substrate_4	poor	Acid_30	30	Acid	15	19.3	15.8	15.1	10.6	12.8	NA	54	54	0.00135870898524313	0.00344846247885076	0.00224210988024219	178.125	181.190476190476	179.0625	0.635458167330678	34.5141065830721	3.68025078369906	0.652933638249517	0.148823641860366	0.198242719890117	1.8812933496532
56	DZ30Tnoac	D	0	Tilia	Control	substrate_4	poor	Acid_30	30	Acid	20.6	18.7	16	9.6	8.9	7.9	turbid	56	56	0.00156518988169132	0.00397251997146656	0.00258283984010547	231.666666666667	203	191.111111111111	0.449064449064449	65.0000000000001	4.11574074074075	0.515427202169749	0.113293001639161	0.371279796191091	1.06367341393832
58	EZ30Anoac	E	1	Acer	Control	substrate_4	poor	Acid_30	30	Acid	14.5	18.1	19.6	15.2	16.7	15.3	NA	58	58	0.000442932272634768	0.00112418136587194	0.000730916506432638	163.684210526316	168.684210526316	163.243243243243	0.887323943661972	42.063492063492	3.43386243386243	0.582930486079	0.103899561421946	0.313169952499054	1.39768184108853
60	EZ30Tnoac	E	0	Tilia	Control	substrate_4	poor	Acid_30	30	Acid	20.1	15.5	19.9	13.8	12.3	10.7	balls	60	60	0.00141951246118286	0.0036027843444152	0.00234244635820635	218.181818181818	198	202.222222222222	0.452079566003617	66.76	4.52	0.46799339917736	0.0968777452115301	0.43512885561111	0.879675925925926
62	AZ5Anoac	A	0	Acer	Control	substrate_5	poor	Acid_5	5	Acid	24.5	23.8	22	5	7.6	6	turbid	62	62	0.000810521180632462	0.00205713799649652	0.00133750314966558	160	159.62962962963	155.849056603774	0.92816091954023	37.2136222910217	2.23529411764706	0.622854597801708	0.148620632976495	0.228524769221796	1.6514972585407
64	AZ5Tnoac	A	0	Tilia	Control	substrate_5	poor	Acid_5	5	Acid	13.5	11.2	18.4	8.1	5.2	8.8	NA	64	64	0.00109783834091731	0.00278636144134992	0.00181162722688475	226.666666666667	207.647058823529	221.428571428571	0.781249999999999	61.2	2.86666666666667	0.442992103270472	0.108084231781632	0.448923664947896	0.795306683929438
66	BZ5Anoac	B	0	Acer	Control	substrate_5	poor	Acid_5	5	Acid	20.1	24.8	20.4	9.5	7.3	5.1	NA	66	66	0.000885631882249667	0.00224777222288367	0.00146144907777595	150	153.387096774194	161.764705882353	1.51010101010101	26.4214046822743	2.48494983277592	0.472292892589688	0.145787813302524	0.381919294107787	0.894990584658666
68	BZ5Tnoac	B	0	Tilia	Control	substrate_5	poor	Acid_5	5	Acid	19.7	17.4	21.8	5.6	2.6	7.7	NA	68	68	0.00178474046780162	0.00452974890469216	0.00294513709704367	163.280116110305	179.166666666667	200	1.73684210526316	51.2424242424242	2.5	0.493800465337436	0.0913894922879532	0.414810042374611	0.975505569491695
70	CZ5Anoac	C	0	Acer	Control	substrate_5	poor	Acid_5	5	Acid	18.4	19.9	18.6	5.4	8.7	8	balls	70	70	0.00090713393268279	0.00230234536175469	0.00149693125993944	137.924991237294	138.125	134.561403508772	0.6975	34.8387096774194	4.47311827956989	0.626249650987821	0.126865224145459	0.246885124866719	1.67558278579003
72	CZ5Tnoac	C	0	Tilia	Control	substrate_5	poor	Acid_5	5	Acid	19.5	21.8	22.4	6.2	3.1	5.5	NA	72	72	0.000967869160204229	0.00245649400986617	0.00159715511595539	241.769547325103	212.222222222222	213.333333333333	0.355408388520972	51.5527950310559	2.46583850931677	0.629186179338136	0.0868175131407568	0.283996307521107	1.69677111337194
74	DZ5Anoac	D	0	Acer	Control	substrate_5	poor	Acid_5	5	Acid	18	18.7	21.6	10.9	9.1	10.8	NA	74	74	0.000716776481204865	0.00181920987349278	0.0011828078329423	144.682963146792	135.733333333333	138.101265822785	0.819047619047619	31.5116279069767	2.79457364341085	0.558768244777298	0.158364361693107	0.282867393529595	1.26638266208939
76	DZ5Tnoac	D	0	Tilia	Control	substrate_5	poor	Acid_5	5	Acid	13.4	16.2	14.3	7.9	10.4	8.8	balls	76	76	0.000772193879963198	0.00195986164099355	0.0012742563319534	193.501805054152	189.090909090909	193.636363636364	0.441441441441441	61.0204081632654	4.31972789115647	0.511683793112937	0.0700660700691275	0.418250136817936	1.04785339068477
78	EZ5Anoac	E	0	Acer	Control	substrate_5	poor	Acid_5	5	Acid	22.2	17.4	23.3	6.8	7.1	7.3	balls	78	78	0.00259533359745814	0.00658706951093994	0.00428275897531077	157.176594069798	143.010752688172	158.888888888889	1.32122905027933	24.5243128964059	4.07822410147992	0.438824327460326	0.132749602813331	0.428426069726343	0.781973184037663
80	EZ5Tnoac	E	0	Tilia	Control	substrate_5	poor	Acid_5	5	Acid	17.7	20	17.4	7.1	7.7	7.1	NA	80	80	0.00151505023769103	0.00384526337500929	0.00250010056891063	175.407925407925	198.571428571429	206.923076923077	0.532388663967611	85.7794676806084	3.90874524714829	0.529352640863304	0.105617554028656	0.36502980510804	1.12473305243716
81	AY30Anono	A	0	Acer	Control	substrate_3	rich	Control_30	30	Control	17.6	15.7	16.4	13.5	18.5	12.6	NA	81	81	0.00126254068869187	0.00320438316097339	0.00208341520006751	143.236074270557	148.173913043478	134.246575342466	0.56439393939394	61.1409395973154	5.04697986577181	0.553721598392242	0.174944879662059	0.271333521945699	1.24075374563817
82	AY30Tnono	A	0	Tilia	Control	substrate_3	rich	Control_30	30	Control	19.8	20.7	19.8	12.6	12.9	12.2	NA	82	82	0.00160467010052468	0.00407272248339687	0.00264798917648418	198.711063372717	215	168	0.242857142857143	73.9869281045752	3.34640522875817	0.516397249555789	0.112142463451391	0.371460286992819	1.06781288791566
83	BY30Anono	B	1	Acer	Control	substrate_3	rich	Control_30	30	Control	19.4	20	19.4	11.9	12.6	6.5	NA	83	83	0.00165625254745811	0.00420364097642901	0.00273310932743088	185.939684441781	186.491228070175	184.605263157895	1.60696517412935	45.2941176470588	2.92879256965944	0.530216031994135	0.158777869447785	0.311006098558079	1.12863798704071
84	BY30Tnono	B	0	Tilia	Control	substrate_3	rich	Control_30	30	Control	21.7	23.9	28.1	14	15.6	14.2	NA	84	84	0.00205297092531352	0.00521052946805115	0.00338776474247849	176.296296296296	191	198.125	0.175799086757991	92.4675324675325	3.77922077922078	0.52222283416864	0.117952672064034	0.359824493767326	1.09302593659942
85	CY30Anono	C	1	Acer	Control	substrate_3	rich	Control_30	30	Control	17.5	23.9	20.1	14.8	17.8	17.9	NA	85	85	0.00137718114330619	0.00349534561915212	0.00227259220467841	170.902065685837	185	170	1.56129032258065	29.7107438016529	2.97107438016529	0.52403745677324	0.167842636597194	0.308119906629566	1.10100566574117
86	CY30Tnono	C	0	Tilia	Control	substrate_3	rich	Control_30	30	Control	30.5	23	24.3	12.4	10.2	16	NA	86	86	0.00207880731013724	0.00527610333605484	0.00343039934216993	227.638640429338	211.818181818182	196.315789473684	1.4140127388535	77.972972972973	2.7027027027027	0.440091915965555	0.112860336807563	0.447047747226882	0.786007433210199
87	DY30Anono	D	0	Acer	Control	substrate_3	rich	Control_30	30	Control	27.2	28.9	20.7	12.1	12.3	16.4	NA	87	87	0.00210708545166832	0.00534787448874514	0.0034770632718343	181.255799566966	173.75	185	1.42857142857143	39.0769230769231	3.0923076923077	0.54287891980979	0.144890269837453	0.312230810352757	1.18760421108538
88	DY30Tnono	D	0	Tilia	Control	substrate_3	rich	Control_30	30	Control	18.2	22.8	21.7	11	8	10.4	NA	88	88	0.00174582657096449	0.00443098374261096	0.00288092229201561	174.840085287847	190.952380952381	197.368421052632	0.484374999999998	56.6129032258066	2.69354838709678	0.549421860246091	0.119236596893002	0.331341542860907	1.21937087437523
89	EY30Anono	E	0	Acer	Control	substrate_3	rich	Control_30	30	Control	25.7	24.3	23.7	11.4	16.2	11.7	NA	89	89	0.00155046085645237	0.0039351370650177	0.00255853434615992	161.247511612475	157.826086956522	162.439024390244	1.46641791044776	36.5394402035624	3.04325699745547	0.623791203455377	0.146134709965974	0.230074086578649	1.65809839957155
90	EY30Tnono	E	0	Tilia	Control	substrate_3	rich	Control_30	30	Control	25.4	23.9	22.6	13.8	14.8	13.8	NA	90	90	0.00143883164346966	0.00365181726902355	0.00237432642226266	205.587392550143	190.666666666667	187.142857142857	0.0752427184466023	123.870967741935	4.74193548387095	0.491807194889278	0.110045728518903	0.398147076591819	0.967757099162641
91	AZ30Anono	A	1	Acer	Control	substrate_6	poor	Control_30	30	Control	16	15.3	12.2	10.6	7.6	6	NA	91	91	0.000425720451080683	0.0010804970144276	0.000702513959910526	176.103725586739	174.603174603175	179.818181818182	0.478125	43.921568627451	3.26797385620915	0.505222089660767	0.12968227514157	0.365095635197663	1.02110882297549
92	AZ30Tnono	A	0	Tilia	Control	substrate_6	poor	Control_30	30	Control	20.6	19.3	22.4	6.7	10.3	7.8	NA	92	92	0.00126671549610322	0.00321497900369677	0.00209030436989472	209.327548806941	224.444444444444	196.666666666667	0.266331658291457	86.8867924528303	3.68867924528302	0.501821551623805	0.0963171498152097	0.401861298560985	1.00731284795536
93	BZ30Anono	B	0	Acer	Control	substrate_6	poor	Control_30	30	Control	13.5	12.3	16.7	5.6	5.5	7.5	balls_prob	93	93	0.00112510253246277	0.00285555914489192	0.00185661795992973	143.454303629109	145	137.241379310345	1.24050632911392	33.9455782312925	3.78571428571429	0.623840937234459	0.138250092288855	0.237908970476686	1.65844983940556
94	BZ30Tnono	B	0	Tilia	Control	substrate_6	poor	Control_30	30	Control	14.4	14.5	15	3.2	1.4	5.5	NA	94	94	0.00106800809362038	0.00271065097674302	0.0017624020484831	184.905660377359	175.238095238095	203.571428571429	0.32943143812709	52.4365482233502	3.09644670050761	0.571815997380012	0.0922220954750016	0.335961907144986	1.33544456093914
95	CZ30Anono	C	0	Acer	Control	substrate_6	poor	Control_30	30	Control	17.9	16.8	20.7	3.5	8.7	9.8	turbid	95	95	0.00154832643980258	0.00392971982275982	0.00255501218158235	143.728222996516	147.6	144.042553191489	1.59734513274336	46.814404432133	3.1218836565097	0.561656224407253	0.144922147806121	0.293421627786626	1.28131447434781
96	CZ30Tnono	C	0	Tilia	Control	substrate_6	poor	Control_30	30	Control	17.4	18.8	14.8	5.8	8.4	10	NA	96	96	0.00131073215626051	0.00332669520094379	0.00216293963594932	190.974133186571	200.666666666667	198.571428571429	0.557993730407523	85	4.08988764044944	0.520061770528745	0.102362875885587	0.377575353585667	1.08360146909258
97	DZ30Anono	D	0	Acer	Control	substrate_6	poor	Control_30	30	Control	14.7	18.9	21.4	8.4	8.4	7.9	NA	97	97	0.00103171753148765	0.00261854395219964	0.001702516209204	166.089216110871	173.488372093023	162.127659574468	0.735294117647059	41.48	3.444	0.668741151245566	0.11474522006772	0.216513628686714	2.01878728299666
98	DZ30Tnono	D	0	Tilia	Control	substrate_6	poor	Control_30	30	Control	21.3	18.9	16.5	10.1	7.4	11.7	NA	98	98	0.00106210280334011	0.00269566309325996	0.00175265727618315	196.368848542762	180	198.571428571429	0.25609756097561	114.380952380952	4.18095238095238	0.526016153387653	0.0823613588052365	0.39162248780711	1.10977654016522
99	EZ30Anono	E	0	Acer	Control	substrate_6	poor	Control_30	30	Control	17.3	16.9	19.9	3.1	4.6	7.2	NA	99	99	0.00118015696878074	0.00299528969793807	0.00194746750678659	158.291999137373	163.653846153846	154.509803921569	0.670016750418761	38.6	3.7925	0.575713032130869	0.124590527991334	0.299696439877796	1.35689539328119
100	EZ30Tnono	E	0	Tilia	Control	substrate_6	poor	Control_30	30	Control	18.5	21.1	22.7	9.8	9.5	13.6	NA	100	100	0.000885512454296812	0.0022474691095468	0.0014612520005534	190.555095277548	217.777777777778	206.25	0.395652173913043	37.5274725274725	2.60989010989011	0.553651023515067	0.0954992591477708	0.350849717337163	1.24039944680764
